$ANSIBLE_VAULT;1.1;AES256
65623834303831376136333061393434303331353730303634643535336336316363376239636635
6562303464613762333337306165383239316539333630330a636663323965393533633961653363
63363866343036616538363161646564303839663262653864663262373664323766393334663865
6462636266336130650a346432323534613765376432656538663762343962346464333434326263
61363636393166383934303733653337356236623165393836306437396566336536613438313465
35613532383238356464316263376335313739373862346335623065306265646238633231313737
37616166316335313433316563356164613362633364303563303230396534393039336238373635
32643066346661343838353766336331333637303563353362356638656438313966306231633130
31643337646638303734336665663438356464323062646262313134323762633632346563353234
36346262323762306462633561373237336234326238383838636231376530363963646638306530
34663235333439323637386130306630336430633731363465323036643561663862633832386263
39653637303331613636333263643538623463313032383131333565376237306538646637336339
33663366613539313061623665663262393233333836343637346431346262316632
